2.216329335101692166e-01 7.005196065742678169e-01
2.619932714722763567e-01 6.705784111157728766e-01
2.910102944372838230e-01 5.994313419057755166e-01
2.984378657167047200e-01 4.801232334066078411e-01
2.733005724588931651e-01 3.153181755499907535e-01
2.081136012633519050e-01 1.381999778798703449e-01
1.102489552682126422e-01 5.383553988694952247e-02
2.020354555198661944e-02 2.312965099885707920e-01
1.976079919602130065e-03 6.456651982509404863e-01
7.225469522433523861e-02 9.503935912846648293e-01
1.816420866149512370e-01 1.000000000000000000e+00
2.863878612817296054e-01 9.371231488522709929e-01
3.757522441714196137e-01 8.746356695883722443e-01
4.536665009227745515e-01 8.360538584680109464e-01
5.245811735378976826e-01 8.107011334127266489e-01
5.900220426794924311e-01 7.865504629201162112e-01
6.496784738515473112e-01 7.601240231951065240e-01
7.035417834652024638e-01 7.372194719990002865e-01
7.535726781831472154e-01 7.280007680088731448e-01
8.035239463949531702e-01 7.356886290916554438e-01
8.557166354487818483e-01 7.424673959668449674e-01
9.055716992776627894e-01 7.075020344128625238e-01
9.393537993687486320e-01 6.001516307475571743e-01
9.427988974229585262e-01 4.522606009828215035e-01
9.153086694360642595e-01 3.397915890178771492e-01
8.701870018783884886e-01 2.969638489578759200e-01
8.212162457732256060e-01 2.998160065919819317e-01
7.749921908846119090e-01 3.176673647616792273e-01
7.335754634549708220e-01 3.427172383134650113e-01
6.996226669047387325e-01 3.859489813153291760e-01
6.791932084057881180e-01 4.642809527419933247e-01
6.818704224087387411e-01 5.902323426246484095e-01
7.186148572022259540e-01 7.609994650987551568e-01
7.959562026703695947e-01 9.343666000898022128e-01
9.019678782046817167e-01 9.828652686094180302e-01
9.872215861978433926e-01 7.330072257381263778e-01
9.869624924616324790e-01 2.875548837224689014e-01
9.005532149203598902e-01 2.613887670229341278e-02
7.857937346755495822e-01 1.599045172891070538e-02
6.809667120842848309e-01 8.735067132294359327e-02
5.914508573009190640e-01 1.435643890865323236e-01
5.114389377854559049e-01 1.722628608264767380e-01
4.360598970772073257e-01 1.868256324379868327e-01
3.636796021566857662e-01 2.003660328206333108e-01
2.950631524710484177e-01 2.208397954486752413e-01
2.322969091987800716e-01 2.521617859432200848e-01
1.779967242906021485e-01 2.950814099274925995e-01
1.345523781863849355e-01 3.467700947499650632e-01
1.033221027881815052e-01 4.013159915094726693e-01
8.428576986993988052e-02 4.533400504736342373e-01
7.668896417112903985e-02 5.021899056733394318e-01
8.015431159265458405e-02 5.511368063397348305e-01
9.495546238406851747e-02 6.015791097077544114e-01
1.210391008260336410e-01 6.490834741455292489e-01
1.568157774719576847e-01 6.852567886328106983e-01
1.987141354564278539e-01 7.015411820913496355e-01
2.413161528235078790e-01 6.901363600337147020e-01
2.773921887861628410e-01 6.427218984365667964e-01
2.977447471248558242e-01 5.506540134076726156e-01
2.915530084692637969e-01 4.095856605784340965e-01
2.485812396907713662e-01 2.321980526477855911e-01
1.660620125233765176e-01 7.853910622325323276e-02
6.438268154601194115e-02 9.461026784123557909e-02
0.000000000000000000e+00 4.081331710254888501e-01
2.513171072356022717e-02 8.168800860445920575e-01
1.205563993746908286e-01 9.978751522026780840e-01
2.309550954533061418e-01 9.756181511595722888e-01
3.285909533936001159e-01 9.055185620059923446e-01
4.119909742047603851e-01 8.542433857845571632e-01
4.862865841851083948e-01 8.235193371057535350e-01
5.546272834555699971e-01 7.997805634839622035e-01
6.174531187104802532e-01 7.743969936237846685e-01
6.743188602069670745e-01 7.483608289849711381e-01
7.259824918234372149e-01 7.305024554397612224e-01
7.754293360876748364e-01 7.297007106906833185e-01
8.264081591890999334e-01 7.412723470324061870e-01
8.788490828487637296e-01 7.355189448101697725e-01
9.237832094506630565e-01 6.691384325290793411e-01
9.453183736247836588e-01 5.346721870957783507e-01
9.338732915912623112e-01 3.931841224738045204e-01
8.963144703678117553e-01 3.117526370163293259e-01
8.479840391372214237e-01 2.941540910103273565e-01
7.997109055726340232e-01 3.066547796894639744e-01
7.554021302645587133e-01 3.275295782659465860e-01
7.168243505101316027e-01 3.588778323339619214e-01
6.879675167274683645e-01 4.158726751836114288e-01
6.765787431085648063e-01 5.146366278222728186e-01
6.932737765246052009e-01 6.625924547376094154e-01
7.481061599627044645e-01 8.437485712848485919e-01
8.417504957378172392e-01 9.834718413012403238e-01
9.470797262304172515e-01 9.132868839379206793e-01
1.000000000000000000e+00 5.343757700077064188e-01
9.558164252972611852e-01 1.324980959807962322e-01
8.493364207385249998e-01 0.000000000000000000e+00
7.366426587604263387e-01 4.608375884523420452e-02
6.390622842507707180e-01 1.160000535319851006e-01
5.545228128558585823e-01 1.588222058880251197e-01
4.768979731529237043e-01 1.791639365170822062e-01
4.027669495718779746e-01 1.917914908897541681e-01
3.317168408443325611e-01 2.076115957475729579e-01
